id    pai   x0          y0          x1          y1          raio         comprimento fluxo        resistencia   volume       
-----------------------------------------------------------------------------------------------------------------------------
0     111   -2.19636    -8.85291    -0.37754    -9.97448    0.00089      2.13682     8.33000e-08  3.12083e+10   0.00001      
1     71    0.87822     6.69644     1.18040     5.55974     0.00380      1.17619     6.49740e-06  5.15448e+07   0.00005      
2     123   5.96051     6.77926     6.27955     7.77317     0.00089      1.04385     8.33000e-08  1.52454e+10   0.00000      
3     185   -0.70163    2.23434     -1.34921    1.09012     0.00299      1.31476     3.16540e-06  1.50304e+08   0.00004      
4     59    -7.95252    0.36473     -9.90973    -1.25413    0.00089      2.53996     8.33000e-08  3.70961e+10   0.00001      
5     1     1.18040     5.55974     0.67448     4.66581     0.00363      1.02716     5.66440e-06  5.40498e+07   0.00004      
6     129   8.29682     -1.90619    9.28497     -3.54616    0.00089      1.91466     8.33000e-08  2.79636e+10   0.00000      
7     35    0.14165     9.46717     0.23608     9.11195     0.00408      0.36756     7.99680e-06  1.22124e+07   0.00002      
8     23    -5.96187    6.05795     -7.37617    6.75024     0.00089      1.57465     8.33000e-08  2.29977e+10   0.00000      
9     25    -3.27507    -2.00945    -3.37962    -4.42717    0.00192      2.41998     8.33000e-07  1.64051e+09   0.00003      
10    135   -5.97991    -5.88538    -6.91107    -7.17080    0.00089      1.58725     8.33000e-08  2.31817e+10   0.00000      
11    161   3.09346     0.45868     3.31985     -0.61106    0.00238      1.09343     1.58270e-06  3.14984e+08   0.00002      
12    69    3.26311     -4.48287    2.98267     -4.42038    0.00089      0.28731     8.33000e-08  4.19620e+09   0.00000      
13    63    3.22724     5.33801     4.91014     5.85933     0.00170      1.76180     5.83100e-07  1.92159e+09   0.00002      
14    101   7.80692     3.77651     9.63082     2.63082     0.00089      2.15388     8.33000e-08  3.14575e+10   0.00001      
15    83    3.28865     -2.17869    3.82923     -3.52312    0.00192      1.44905     8.33000e-07  9.82314e+08   0.00002      
16    21    4.78988     -6.30821    6.54107     -7.55275    0.00089      2.14838     8.33000e-08  3.13771e+10   0.00001      
17    131   -3.90587    1.46526     -4.99207    0.98092     0.00162      1.18929     4.99800e-07  1.59314e+09   0.00001      
18    17    -4.99207    0.98092     -6.17610    1.98924     0.00089      1.55519     8.33000e-08  2.27136e+10   0.00000      
19    43    -1.93003    8.20944     -2.73531    6.99020     0.00192      1.46117     8.33000e-07  9.90533e+08   0.00002      
20    163   -3.39410    5.15813     -3.38627    4.98843     0.00089      0.16988     8.33000e-08  2.48107e+09   0.00000      
21    41    4.56281     -4.21082    4.78988     -6.30821    0.00128      2.10965     2.49900e-07  7.12113e+09   0.00001      
22    99    4.54183     -7.86231    3.20882     -9.38932    0.00089      2.02699     8.33000e-08  2.96041e+10   0.00001      
23    61    -4.55259    6.01163     -5.96187    6.05795     0.00141      1.41004     3.33200e-07  3.24330e+09   0.00001      
24    73    -8.30241    4.75033     -9.58639    2.80885     0.00089      2.32765     8.33000e-08  3.39953e+10   0.00001      
25    151   -3.02856    -1.61271    -3.27507    -2.00945    0.00229      0.46709     1.41610e-06  1.56065e+08   0.00001      
26    45    -6.51239    -3.45206    -6.91770    -3.37317    0.00089      0.41292     8.33000e-08  6.03064e+09   0.00000      
27    127   1.92212     3.10430     2.75387     2.06329     0.00264      1.33249     2.16580e-06  2.52658e+08   0.00003      
28    53    5.57024     1.98713     5.78071     2.20696     0.00089      0.30434     8.33000e-08  4.44482e+09   0.00000      
29    3     -1.34921    1.09012     -1.73439    0.47021     0.00277      0.72983     2.49900e-06  1.14348e+08   0.00002      
30    33    -0.59446    -1.90314    0.27079     -2.27356    0.00089      0.94121     8.33000e-08  1.37464e+10   0.00000      
31    191   -2.79863    -6.49686    -3.03550    -7.40628    0.00128      0.93976     2.49900e-07  3.17217e+09   0.00000      
32    31    -3.03550    -7.40628    -4.02037    -9.10129    0.00089      1.96036     8.33000e-08  2.86310e+10   0.00000      
33    193   -0.85372    -1.20606    -0.59446    -1.90314    0.00185      0.74373     7.49700e-07  5.80222e+08   0.00001      
34    47    0.09392     -5.53354    -0.04513    -5.90900    0.00089      0.40038     8.33000e-08  5.84757e+09   0.00000      
35    117   0.02833     9.89343     0.14165     9.46717     0.00412      0.44107     8.24670e-06  1.40657e+07   0.00002      
36    115   3.03169     9.19440     3.38720     9.28890     0.00089      0.36786     8.33000e-08  5.37254e+09   0.00000      
37    137   6.28535     -1.58588    7.15147     -1.13186    0.00141      0.97791     3.33200e-07  2.24932e+09   0.00001      
38    159   8.53353     -0.33677    9.91633     -0.44550    0.00089      1.38707     8.33000e-08  2.02582e+10   0.00000      
39    107   5.54298     5.30846     7.23060     5.02387     0.00141      1.71146     3.33200e-07  3.93659e+09   0.00001      
40    39    7.23060     5.02387     8.35095     5.38493     0.00089      1.17710     8.33000e-08  1.71915e+10   0.00000      
41    15    3.82923     -3.52312    4.56281     -4.21082    0.00162      1.00552     4.99800e-07  1.34697e+09   0.00001      
42    51    6.06207     -4.52072    6.53651     -4.17653    0.00089      0.58614     8.33000e-08  8.56054e+09   0.00000      
43    7     0.23608     9.11195     -1.93003    8.20944     0.00209      2.34661     1.08290e-06  1.12120e+09   0.00003      
44    109   -4.37826    8.50852     -4.65170    8.84290     0.00089      0.43195     8.33000e-08  6.30863e+09   0.00000      
45    133   -4.93188    -2.73297    -6.51239    -3.45206    0.00128      1.73640     2.49900e-07  5.86124e+09   0.00001      
46    67    -7.42805    -3.72495    -8.53377    -5.13136    0.00089      1.78902     8.33000e-08  2.61286e+10   0.00000      
47    103   -0.20216    -4.00112    0.09392     -5.53354    0.00162      1.56076     4.99800e-07  2.09075e+09   0.00001      
48    97    1.02090     -8.07305    1.19946     -8.03756    0.00089      0.18205     8.33000e-08  2.65880e+09   0.00000      
49    95    -0.05405    3.37856     -0.53974    2.52040     0.00304      0.98607     3.33200e-06  1.05276e+08   0.00003      
50    49    -0.53974    2.52040     1.01878     0.24061     0.00089      2.76159     8.33000e-08  4.03330e+10   0.00001      
51    41    4.56281     -4.21082    6.06207     -4.52072    0.00128      1.53095     2.49900e-07  5.16775e+09   0.00001      
52    149   6.62537     -5.37986    8.11172     -5.82891    0.00089      1.55271     8.33000e-08  2.26772e+10   0.00000      
53    93    4.48837     1.66276     5.57024     1.98713     0.00128      1.12945     2.49900e-07  3.81247e+09   0.00001      
54    125   7.65127     1.37015     7.75520     1.25149     0.00089      0.15774     8.33000e-08  2.30381e+09   0.00000      
55    25    -3.27507    -2.00945    -4.43987    -2.13164    0.00170      1.17119     5.83100e-07  1.27741e+09   0.00001      
56    77    -5.67389    -1.65013    -5.86174    -1.17779    0.00089      0.50833     8.33000e-08  7.42414e+09   0.00000      
57    3     -1.34921    1.09012     -2.43631    1.37222     0.00178      1.12310     6.66400e-07  1.02518e+09   0.00001      
58    57    -2.43631    1.37222     -3.14184    2.60981     0.00089      1.42457     8.33000e-08  2.08058e+10   0.00000      
59    167   -6.45455    0.39963     -7.95252    0.36473     0.00128      1.49837     2.49900e-07  5.05777e+09   0.00001      
60    105   -8.15316    0.56527     -8.28693    0.69896     0.00089      0.18912     8.33000e-08  2.76208e+09   0.00000      
61    177   -3.81000    6.65177     -4.55259    6.01163     0.00170      0.98041     5.83100e-07  1.06933e+09   0.00001      
62    91    -5.54273    4.28347     -5.36859    3.96187     0.00089      0.36572     8.33000e-08  5.34132e+09   0.00000      
63    171   2.19816     5.24404     3.22724     5.33801     0.00185      1.03336     7.49700e-07  8.06174e+08   0.00001      
64    179   3.99313     3.98222     3.95509     3.85190     0.00089      0.13576     8.33000e-08  1.98273e+09   0.00000      
65    147   0.46272     8.25942     0.80267     6.98062     0.00387      1.32321     6.83060e-06  5.42474e+07   0.00006      
66    139   -0.25872    6.71271     -1.23505    5.49435     0.00089      1.56128     8.33000e-08  2.28025e+10   0.00000      
67    45    -6.51239    -3.45206    -7.42805    -3.72495    0.00112      0.95546     1.66600e-07  5.53787e+09   0.00000      
68    67    -7.42805    -3.72495    -9.06934    -3.13719    0.00089      1.74335     8.33000e-08  2.54616e+10   0.00000      
69    15    3.82923     -3.52312    3.26311     -4.48287    0.00141      1.11427     3.33200e-07  2.56298e+09   0.00001      
70    141   2.80205     -6.41839    2.69174     -6.52735    0.00089      0.15505     8.33000e-08  2.26445e+09   0.00000      
71    65    0.80267     6.98062     0.87822     6.69644     0.00384      0.29405     6.66400e-06  1.24585e+07   0.00001      
72    153   2.99946     7.19225     3.17908     7.33527     0.00089      0.22960     8.33000e-08  3.35337e+09   0.00000      
73    187   -6.74973    5.34406     -8.30241    4.75033     0.00112      1.66232     1.66600e-07  9.63482e+09   0.00001      
74    73    -8.30241    4.75033     -8.65459    4.96161     0.00089      0.41070     8.33000e-08  5.99828e+09   0.00000      
75    11    3.31985     -0.61106    4.99697     -1.43283    0.00170      1.86763     5.83100e-07  2.03702e+09   0.00002      
76    75    4.99697     -1.43283    5.59684     -2.40509    0.00089      1.14243     8.33000e-08  1.66851e+10   0.00000      
77    55    -4.43987    -2.13164    -5.67389    -1.65013    0.00128      1.32463     2.49900e-07  4.47131e+09   0.00001      
78    195   -7.57590    -1.67779    -7.76621    -1.63181    0.00089      0.19578     8.33000e-08  2.85940e+09   0.00000      
79    33    -0.59446    -1.90314    -0.75414    -3.47784    0.00178      1.58277     6.66400e-07  1.44477e+09   0.00002      
80    79    -0.75414    -3.47784    -1.33785    -4.02469    0.00089      0.79985     8.33000e-08  1.16818e+10   0.00000      
81    183   0.11138     -6.09486    0.12302     -6.46907    0.00141      0.37439     3.33200e-07  8.61160e+08   0.00000      
82    81    0.12302     -6.46907    -0.86613    -7.70719    0.00089      1.58472     8.33000e-08  2.31448e+10   0.00000      
83    121   3.31361     -0.92458    3.28865     -2.17869    0.00198      1.25435     9.16300e-07  7.48854e+08   0.00002      
84    83    3.28865     -2.17869    2.14508     -2.62507    0.00089      1.22760     8.33000e-08  1.79291e+10   0.00000      
85    89    -4.45138    -5.47383    -5.30887    -5.58204    0.00128      0.86429     2.49900e-07  2.91742e+09   0.00000      
86    85    -5.30887    -5.58204    -5.41788    -5.43741    0.00089      0.18111     8.33000e-08  2.64516e+09   0.00000      
87    9     -3.37962    -4.42717    -3.02052    -5.31031    0.00152      0.95336     4.16500e-07  1.62854e+09   0.00001      
88    87    -3.02052    -5.31031    -1.92824    -5.86378    0.00089      1.22450     8.33000e-08  1.78838e+10   0.00000      
89    9     -3.37962    -4.42717    -4.45138    -5.47383    0.00152      1.49805     4.16500e-07  2.55899e+09   0.00001      
90    165   -4.84896    -7.21701    -4.87990    -7.35075    0.00089      0.13727     8.33000e-08  2.00489e+09   0.00000      
91    61    -4.55259    6.01163     -5.54273    4.28347     0.00128      1.99172     2.49900e-07  6.72306e+09   0.00001      
92    119   -6.95453    3.43309     -7.05531    3.52009     0.00089      0.13313     8.33000e-08  1.94443e+09   0.00000      
93    27    2.75387     2.06329     4.48837     1.66276     0.00152      1.78014     4.16500e-07  3.04086e+09   0.00001      
94    173   5.78392     0.48928     5.79363     0.21296     0.00089      0.27649     8.33000e-08  4.03815e+09   0.00000      
95    5     0.67448     4.66581     -0.05405    3.37856     0.00307      1.47911     3.41530e-06  1.52800e+08   0.00004      
96    95    -0.05405    3.37856     -1.78401    3.80934     0.00089      1.78279     8.33000e-08  2.60376e+10   0.00000      
97    181   0.42507     -7.54991    1.02090     -8.07305    0.00112      0.79290     1.66600e-07  4.59565e+09   0.00000      
98    97    1.02090     -8.07305    1.38312     -9.78348    0.00089      1.74836     8.33000e-08  2.55348e+10   0.00000      
99    21    4.78988     -6.30821    4.54183     -7.86231    0.00112      1.57377     1.66600e-07  9.12154e+09   0.00001      
100   99    4.54183     -7.86231    4.96028     -8.65290    0.00089      0.89450     8.33000e-08  1.30642e+10   0.00000      
101   175   7.83532     4.34109     7.80692     3.77651     0.00112      0.56530     1.66600e-07  3.27645e+09   0.00000      
102   101   7.80692     3.77651     7.47129     3.10199     0.00089      0.75340     8.33000e-08  1.10035e+10   0.00000      
103   79    -0.75414    -3.47784    -0.20216    -4.00112    0.00170      0.76060     5.83100e-07  8.29580e+08   0.00001      
104   103   -0.20216    -4.00112    1.15770     -4.03855    0.00089      1.36038     8.33000e-08  1.98683e+10   0.00000      
105   59    -7.95252    0.36473     -8.15316    0.56527     0.00112      0.28368     1.66600e-07  1.64420e+09   0.00000      
106   105   -8.15316    0.56527     -9.91937    1.12880     0.00089      1.85393     8.33000e-08  2.70766e+10   0.00000      
107   13    4.91014     5.85933     5.54298     5.30846     0.00152      0.83900     4.16500e-07  1.43319e+09   0.00001      
108   107   5.54298     5.30846     5.75385     3.94048     0.00089      1.38414     8.33000e-08  2.02154e+10   0.00000      
109   155   -2.89052    8.70903     -4.37826    8.50852     0.00112      1.50119     1.66600e-07  8.70088e+09   0.00001      
110   109   -4.37826    8.50852     -6.00617    7.80445     0.00089      1.77364     8.33000e-08  2.59040e+10   0.00000      
111   31    -3.03550    -7.40628    -2.19636    -8.85291    0.00112      1.67239     1.66600e-07  9.69318e+09   0.00001      
112   111   -2.19636    -8.85291    -2.26662    -9.73875    0.00089      0.88863     8.33000e-08  1.29784e+10   0.00000      
113   29    -1.73439    0.47021     -2.65880    -1.01759    0.00238      1.75159     1.58270e-06  5.04579e+08   0.00003      
114   113   -2.65880    -1.01759    -3.95590    -0.39660    0.00089      1.43809     8.33000e-08  2.10032e+10   0.00000      
115   169   1.61776     9.62286     3.03169     9.19440     0.00112      1.47742     1.66600e-07  8.56310e+09   0.00001      
116   115   3.03169     9.19440     4.85520     8.63812     0.00089      1.90647     8.33000e-08  2.78440e+10   0.00000      
117   -1    0.00000     10.00000    0.02833     9.89343     0.00413      0.11027     8.33000e-06  3.46962e+06   0.00001      
118   117   0.02833     9.89343     -1.68141    9.83091     0.00089      1.71088     8.33000e-08  2.49874e+10   0.00000      
119   91    -5.54273    4.28347     -6.95453    3.43309     0.00112      1.64813     1.66600e-07  9.55254e+09   0.00001      
120   119   -6.95453    3.43309     -8.06401    2.32170     0.00089      1.57039     8.33000e-08  2.29356e+10   0.00000      
121   11    3.31985     -0.61106    3.31361     -0.92458    0.00204      0.31359     9.99600e-07  1.66706e+08   0.00000      
122   121   3.31361     -0.92458    1.67578     -1.15538    0.00089      1.65401     8.33000e-08  2.41568e+10   0.00000      
123   13    4.91014     5.85933     5.96051     6.77926     0.00112      1.39627     1.66600e-07  8.09277e+09   0.00001      
124   123   5.96051     6.77926     7.42319     6.63133     0.00089      1.47014     8.33000e-08  2.14714e+10   0.00000      
125   53    5.57024     1.98713     7.65127     1.37015     0.00112      2.17056     1.66600e-07  1.25806e+10   0.00001      
126   125   7.65127     1.37015     9.42051     1.10916     0.00089      1.78838     8.33000e-08  2.61193e+10   0.00000      
127   5     0.67448     4.66581     1.92212     3.10430     0.00267      1.99873     2.24910e-06  3.60388e+08   0.00004      
128   127   1.92212     3.10430     1.09890     2.13116     0.00089      1.27464     8.33000e-08  1.86161e+10   0.00000      
129   37    7.15147     -1.13186    8.29682     -1.90619    0.00112      1.38254     1.66600e-07  8.01321e+09   0.00001      
130   129   8.29682     -1.90619    8.94809     -1.86054    0.00089      0.65287     8.33000e-08  9.53523e+09   0.00000      
131   57    -2.43631    1.37222     -3.90587    1.46526     0.00170      1.47250     5.83100e-07  1.60605e+09   0.00001      
132   131   -3.90587    1.46526     -4.67259    2.62002     0.00089      1.38612     8.33000e-08  2.02443e+10   0.00000      
133   55    -4.43987    -2.13164    -4.93188    -2.73297    0.00141      0.77696     3.33200e-07  1.78713e+09   0.00000      
134   133   -4.93188    -2.73297    -4.82741    -3.81787    0.00089      1.08992     8.33000e-08  1.59182e+10   0.00000      
135   85    -5.30887    -5.58204    -5.97991    -5.88538    0.00112      0.73642     1.66600e-07  4.26830e+09   0.00000      
136   135   -5.97991    -5.88538    -7.06188    -5.51000    0.00089      1.14524     8.33000e-08  1.67263e+10   0.00000      
137   75    4.99697     -1.43283    6.28535     -1.58588    0.00162      1.29743     4.99800e-07  1.73800e+09   0.00001      
138   145   7.13287     -2.84614    7.12985     -2.80002    0.00089      0.04622     8.33000e-08  6.74995e+08   0.00000      
139   65    0.80267     6.98062     -0.25872    6.71271     0.00112      1.09468     1.66600e-07  6.34477e+09   0.00000      
140   139   -0.25872    6.71271     -0.83195    7.05398     0.00089      0.66712     8.33000e-08  9.74335e+09   0.00000      
141   143   2.82878     -5.06307    2.80205     -6.41839    0.00112      1.35558     1.66600e-07  7.85695e+09   0.00001      
142   141   2.80205     -6.41839    2.67192     -8.02704    0.00089      1.61391     8.33000e-08  2.35711e+10   0.00000      
143   69    3.26311     -4.48287    2.82878     -5.06307    0.00128      0.72476     2.49900e-07  2.44643e+09   0.00000      
144   143   2.82878     -5.06307    1.55253     -5.44836    0.00089      1.33314     8.33000e-08  1.94705e+10   0.00000      
145   137   6.28535     -1.58588    7.13287     -2.84614    0.00112      1.51874     1.66600e-07  8.80259e+09   0.00001      
146   145   7.13287     -2.84614    7.98191     -4.12946    0.00089      1.53876     8.33000e-08  2.24735e+10   0.00000      
147   7     0.23608     9.11195     0.46272     8.25942     0.00388      0.88214     6.91390e-06  3.55851e+07   0.00004      
148   147   0.46272     8.25942     1.78862     8.22610     0.00089      1.32632     8.33000e-08  1.93709e+10   0.00000      
149   51    6.06207     -4.52072    6.62537     -5.37986    0.00112      1.02733     1.66600e-07  5.95442e+09   0.00000      
150   149   6.62537     -5.37986    6.44548     -6.01447    0.00089      0.65961     8.33000e-08  9.63364e+09   0.00000      
151   113   -2.65880    -1.01759    -3.02856    -1.61271    0.00233      0.70064     1.49940e-06  2.16919e+08   0.00001      
152   151   -3.02856    -1.61271    -1.99926    -2.59965    0.00089      1.42601     8.33000e-08  2.08269e+10   0.00000      
153   71    0.87822     6.69644     2.99946     7.19225     0.00112      2.17842     1.66600e-07  1.26261e+10   0.00001      
154   153   2.99946     7.19225     4.58186     7.25897     0.00089      1.58380     8.33000e-08  2.31315e+10   0.00000      
155   43    -1.93003    8.20944     -2.89052    8.70903     0.00128      1.08265     2.49900e-07  3.65448e+09   0.00001      
156   155   -2.89052    8.70903     -3.10714    9.30887     0.00089      0.63775     8.33000e-08  9.31439e+09   0.00000      
157   29    -1.73439    0.47021     -1.24260    -0.16043    0.00198      0.79973     9.16300e-07  4.77440e+08   0.00001      
158   157   -1.24260    -0.16043    -0.41537    -0.30965    0.00089      0.84058     8.33000e-08  1.22766e+10   0.00000      
159   37    7.15147     -1.13186    8.53353     -0.33677    0.00112      1.59444     1.66600e-07  9.24138e+09   0.00001      
160   159   8.53353     -0.33677    8.53328     -0.03550    0.00089      0.30127     8.33000e-08  4.40009e+09   0.00000      
161   189   2.82179     1.74237     3.09346     0.45868     0.00242      1.31212     1.66600e-06  3.52995e+08   0.00002      
162   161   3.09346     0.45868     4.34799     0.27450     0.00089      1.26797     8.33000e-08  1.85187e+10   0.00000      
163   19    -2.73531    6.99020     -3.39410    5.15813     0.00112      1.94692     1.66600e-07  1.12843e+10   0.00001      
164   163   -3.39410    5.15813     -4.07637    3.83515     0.00089      1.48854     8.33000e-08  2.17401e+10   0.00000      
165   89    -4.45138    -5.47383    -4.84896    -7.21701    0.00112      1.78794     1.66600e-07  1.03629e+10   0.00001      
166   165   -4.84896    -7.21701    -5.15369    -8.55896    0.00089      1.37612     8.33000e-08  2.00982e+10   0.00000      
167   197   -5.28457    0.86466     -6.45455    0.39963     0.00141      1.25902     3.33200e-07  2.89591e+09   0.00001      
168   167   -6.45455    0.39963     -6.44273    0.21751     0.00089      0.18251     8.33000e-08  2.66558e+09   0.00000      
169   35    0.14165     9.46717     1.61776     9.62286     0.00128      1.48430     2.49900e-07  5.01028e+09   0.00001      
170   169   1.61776     9.62286     1.63849     9.81758     0.00089      0.19582     8.33000e-08  2.85993e+09   0.00000      
171   1     1.18040     5.55974     2.19816     5.24404     0.00192      1.06559     8.33000e-07  7.22371e+08   0.00001      
172   171   2.19816     5.24404     2.17552     4.42474     0.00089      0.81962     8.33000e-08  1.19706e+10   0.00000      
173   93    4.48837     1.66276     5.78392     0.48928     0.00112      1.74800     1.66600e-07  1.01314e+10   0.00001      
174   173   5.78392     0.48928     7.05035     0.14475     0.00089      1.31246     8.33000e-08  1.91684e+10   0.00000      
175   39    7.23060     5.02387     7.83532     4.34109     0.00128      0.91207     2.49900e-07  3.07870e+09   0.00000      
176   175   7.83532     4.34109     9.10156     4.10469     0.00089      1.28811     8.33000e-08  1.88129e+10   0.00000      
177   19    -2.73531    6.99020     -3.81000    6.65177     0.00178      1.12672     6.66400e-07  1.02848e+09   0.00001      
178   177   -3.81000    6.65177     -4.47421    7.25518     0.00089      0.89737     8.33000e-08  1.31061e+10   0.00000      
179   63    3.22724     5.33801     3.99313     3.98222     0.00112      1.55716     1.66600e-07  9.02532e+09   0.00001      
180   179   3.99313     3.98222     4.87317     3.01738     0.00089      1.30590     8.33000e-08  1.90726e+10   0.00000      
181   81    0.12302     -6.46907    0.42507     -7.54991    0.00128      1.12225     2.49900e-07  3.78815e+09   0.00001      
182   181   0.42507     -7.54991    -0.16249    -8.66530    0.00089      1.26068     8.33000e-08  1.84122e+10   0.00000      
183   47    0.09392     -5.53354    0.11138     -6.09486    0.00152      0.56159     4.16500e-07  9.59316e+08   0.00000      
184   183   0.11138     -6.09486    1.48102     -6.81857    0.00089      1.54908     8.33000e-08  2.26243e+10   0.00000      
185   49    -0.53974    2.52040     -0.70163    2.23434     0.00302      0.32869     3.24870e-06  3.62969e+07   0.00001      
186   185   -0.70163    2.23434     -1.80929    2.55290     0.00089      1.15256     8.33000e-08  1.68331e+10   0.00000      
187   23    -5.96187    6.05795     -6.74973    5.34406     0.00128      1.06318     2.49900e-07  3.58878e+09   0.00001      
188   187   -6.74973    5.34406     -6.76125    4.92704     0.00089      0.41718     8.33000e-08  6.09289e+09   0.00000      
189   27    2.75387     2.06329     2.82179     1.74237     0.00246      0.32803     1.74930e-06  8.26906e+07   0.00001      
190   189   2.82179     1.74237     1.80065     1.13189     0.00089      1.18972     8.33000e-08  1.73758e+10   0.00000      
191   87    -3.02052    -5.31031    -2.79863    -6.49686    0.00141      1.20712     3.33200e-07  2.77655e+09   0.00001      
192   191   -2.79863    -6.49686    -1.88108    -7.05113    0.00089      1.07196     8.33000e-08  1.56560e+10   0.00000      
193   157   -1.24260    -0.16043    -0.85372    -1.20606    0.00192      1.11560     8.33000e-07  7.56267e+08   0.00001      
194   193   -0.85372    -1.20606    0.47085     -1.05719    0.00089      1.33291     8.33000e-08  1.94671e+10   0.00000      
195   77    -5.67389    -1.65013    -7.57590    -1.67779    0.00112      1.90222     1.66600e-07  1.10253e+10   0.00001      
196   195   -7.57590    -1.67779    -8.90700    -1.84338    0.00089      1.34136     8.33000e-08  1.95905e+10   0.00000      
197   17    -4.99207    0.98092     -5.28457    0.86466     0.00152      0.31475     4.16500e-07  5.37666e+08   0.00000      
198   197   -5.28457    0.86466     -5.07405    -0.19727    0.00089      1.08260     8.33000e-08  1.58114e+10   0.00000      
