===================================================================
 TABELA 1 - SEGMENTOS DA ARVORE
===================================================================
id    pai   x0          y0          z0      x1          y1          z1      raio         comprimento fluxo        resistencia   volume       
---------------------------------------------------------------------------------------------------------------------------------------------
0     146   1.28755     -9.63562    0.00000 -0.19331    -9.96073    0.00000 0.00089      1.51613     8.33000e-08  2.19027e+10   0.00000      
1     6     0.31193     8.78772     0.00000 0.93578     6.36317     0.00000 0.00389      2.50353     6.91390e-06  9.98948e+07   0.00012      
2     75    4.49811     6.91287     0.00000 5.80799     8.13975     0.00000 0.00089      1.79472     8.33000e-08  2.59273e+10   0.00000      
3     53    -8.21066    0.13704     0.00000 -9.82898    -1.02031    0.00000 0.00089      1.98958     8.33000e-08  2.87423e+10   0.00000      
4     45    2.62351     2.42976     0.00000 3.58624     0.45343     0.00000 0.00295      2.19834     2.99880e-06  2.67169e+08   0.00006      
5     78    7.88640     -2.61034    0.00000 9.45169     -3.20410    0.00000 0.00089      1.67412     8.33000e-08  2.41851e+10   0.00000      
6     91    0.10398     9.59591     0.00000 0.31193     8.78772     0.00000 0.00413      0.83451     8.24670e-06  2.63236e+07   0.00004      
7     14    -5.41986    6.23646     0.00000 -7.15031    6.73174     0.00000 0.00089      1.79994     8.33000e-08  2.60027e+10   0.00000      
8     85    -4.09862    -0.15928    0.00000 -5.18343    -0.65682    0.00000 0.00238      1.19346     1.58270e-06  3.40067e+08   0.00002      
9     20    -4.97249    -5.26661    0.00000 -6.65709    -7.31332    0.00000 0.00089      2.65083     8.33000e-08  3.82951e+10   0.00001      
10    65    6.70574     2.38214     0.00000 9.28377     3.15604     0.00000 0.00089      2.69168     8.33000e-08  3.88853e+10   0.00001      
11    38    3.13676     -4.32573    0.00000 3.93742     -5.54183    0.00000 0.00210      1.45600     1.08290e-06  6.88121e+08   0.00002      
12    11    3.93742     -5.54183    0.00000 5.54845     -8.06570    0.00000 0.00089      2.99422     8.33000e-08  4.32559e+10   0.00001      
13    8     -5.18343    -0.65682    0.00000 -1.51431    -4.63925    0.00000 0.00089      5.41500     8.33000e-08  7.82275e+10   0.00001      
14    140   -4.44552    6.99203     0.00000 -5.41986    6.23646     0.00000 0.00179      1.23297     6.66400e-07  1.11325e+09   0.00001      
15    113   -8.38145    3.23913     0.00000 -9.42119    3.18993     0.00000 0.00089      1.04090     8.33000e-08  1.50374e+10   0.00000      
16    124   -1.25808    2.76846     0.00000 -1.66105    1.82034     0.00000 0.00268      1.03020     2.24910e-06  1.83738e+08   0.00002      
17    152   -0.73287    0.75184     0.00000 -0.73551    -0.24532    0.00000 0.00089      0.99716     8.33000e-08  1.44055e+10   0.00000      
18    138   1.47077     5.33710     0.00000 2.48277     4.04359     0.00000 0.00317      1.64235     3.74850e-06  1.48232e+08   0.00005      
19    33    4.55338     4.42220     0.00000 4.91680     4.26514     0.00000 0.00089      0.39590     8.33000e-08  5.71942e+09   0.00000      
20    83    -4.84680    -3.02149    0.00000 -4.97249    -5.26661    0.00000 0.00179      2.24864     6.66400e-07  2.03030e+09   0.00002      
21    59    -4.35131    -7.22643    0.00000 -3.07694    -7.82969    0.00000 0.00089      1.40995     8.33000e-08  2.03688e+10   0.00000      
22    93    -7.02569    -5.54063    0.00000 -8.80446    -4.47841    0.00000 0.00089      2.07180     8.33000e-08  2.99301e+10   0.00001      
23    6     0.31193     8.78772     0.00000 -2.49232    8.65852     0.00000 0.00210      2.80722     1.08290e-06  1.32672e+09   0.00004      
24    23    -2.49232    8.65852     0.00000 -3.38596    9.37974     0.00000 0.00089      1.14837     8.33000e-08  1.65899e+10   0.00000      
25    120   -3.66177    2.00074     0.00000 -5.15556    2.83608     0.00000 0.00089      1.71148     8.33000e-08  2.47249e+10   0.00000      
26    126   4.83001     0.21259     0.00000 6.42479     -0.41994    0.00000 0.00179      1.71565     6.66400e-07  1.54906e+09   0.00002      
27    40    7.31041     -0.15093    0.00000 7.30820     -0.07414    0.00000 0.00089      0.07682     8.33000e-08  1.10982e+09   0.00000      
28    4     3.58624     0.45343     0.00000 2.98482     -1.68956    0.00000 0.00261      2.22578     2.08250e-06  4.39869e+08   0.00005      
29    73    1.84557     -2.75368    0.00000 1.60641     -2.97791    0.00000 0.00089      0.32783     8.33000e-08  4.73604e+09   0.00000      
30    159   6.53724     -5.66419    0.00000 7.97956     -6.02541    0.00000 0.00089      1.48687     8.33000e-08  2.14800e+10   0.00000      
31    1     0.93578     6.36317     0.00000 -0.45212    4.66470     0.00000 0.00283      2.19342     2.66560e-06  3.11900e+08   0.00006      
32    63    -1.93465    4.96282     0.00000 -2.19794    5.25797     0.00000 0.00089      0.39551     8.33000e-08  5.71378e+09   0.00000      
33    18    2.48277     4.04359     0.00000 4.55338     4.42220     0.00000 0.00162      2.10494     4.99800e-07  2.78911e+09   0.00002      
34    101   6.59606     4.70928     0.00000 7.60434     5.65059     0.00000 0.00089      1.37938     8.33000e-08  1.99272e+10   0.00000      
35    26    6.42479     -0.41994    0.00000 6.17453     -3.43924    0.00000 0.00089      3.02965     8.33000e-08  4.37677e+10   0.00001      
36    117   3.75308     -6.83822    0.00000 2.70958     -8.28903    0.00000 0.00153      1.78710     4.16500e-07  3.01961e+09   0.00001      
37    36    2.70958     -8.28903    0.00000 2.85864     -9.56326    0.00000 0.00089      1.28292     8.33000e-08  1.85337e+10   0.00000      
38    28    2.98482     -1.68956    0.00000 3.13676     -4.32573    0.00000 0.00246      2.64055     1.74930e-06  6.58410e+08   0.00005      
39    48    1.17754     -5.96807    0.00000 1.03868     -5.94979    0.00000 0.00089      0.14005     8.33000e-08  2.02323e+09   0.00000      
40    26    6.42479     -0.41994    0.00000 7.31041     -0.15093    0.00000 0.00153      0.92557     4.16500e-07  1.56390e+09   0.00001      
41    87    8.05344     0.49103     0.00000 9.97167     0.50252     0.00000 0.00089      1.91827     8.33000e-08  2.77121e+10   0.00000      
42    107   3.09626     9.14876     0.00000 3.08853     9.43734     0.00000 0.00089      0.28869     8.33000e-08  4.17049e+09   0.00000      
43    8     -5.18343    -0.65682    0.00000 -6.73985    -0.14838    0.00000 0.00179      1.63736     6.66400e-07  1.47838e+09   0.00002      
44    43    -6.73985    -0.14838    0.00000 -7.52993    1.05023     0.00000 0.00089      1.43558     8.33000e-08  2.07390e+10   0.00000      
45    18    2.48277     4.04359     0.00000 2.62351     2.42976     0.00000 0.00300      1.61995     3.16540e-06  1.83183e+08   0.00005      
46    45    2.62351     2.42976     0.00000 1.12031     1.54092     0.00000 0.00089      1.74632     8.33000e-08  2.52282e+10   0.00000      
47    142   -7.20564    -2.34283    0.00000 -6.93396    -2.71727    0.00000 0.00089      0.46263     8.33000e-08  6.68331e+09   0.00000      
48    149   2.24667     -4.88700    0.00000 1.17754     -5.96807    0.00000 0.00162      1.52045     4.99800e-07  2.01464e+09   0.00001      
49    57    -0.29706    -7.41865    0.00000 -0.64284    -7.62868    0.00000 0.00089      0.40457     8.33000e-08  5.84454e+09   0.00000      
50    16    -1.66105    1.82034     0.00000 -3.01382    0.33826     0.00000 0.00254      2.00662     1.91590e-06  4.43189e+08   0.00004      
51    50    -3.01382    0.33826     0.00000 -2.73289    -2.11780    0.00000 0.00089      2.47208     8.33000e-08  3.57128e+10   0.00001      
52    157   -1.79963    -1.75609    0.00000 -0.59801    -2.44739    0.00000 0.00089      1.38629     8.33000e-08  2.00270e+10   0.00000      
53    43    -6.73985    -0.14838    0.00000 -8.21066    0.13704     0.00000 0.00129      1.49824     2.49900e-07  5.00244e+09   0.00001      
54    53    -8.21066    0.13704     0.00000 -9.60770    1.14384     0.00000 0.00089      1.72203     8.33000e-08  2.48772e+10   0.00000      
55    1     0.93578     6.36317     0.00000 3.44586     6.97041     0.00000 0.00153      2.58248     4.16500e-07  4.36354e+09   0.00002      
56    55    3.44586     6.97041     0.00000 3.48284     6.82988     0.00000 0.00089      0.14531     8.33000e-08  2.09927e+09   0.00000      
57    48    1.17754     -5.96807    0.00000 -0.29706    -7.41865    0.00000 0.00142      2.06849     3.33200e-07  4.70616e+09   0.00001      
58    155   -1.15284    -7.79492    0.00000 -2.20892    -9.68975    0.00000 0.00089      2.16925     8.33000e-08  3.13380e+10   0.00001      
59    20    -4.97249    -5.26661    0.00000 -4.35131    -7.22643    0.00000 0.00142      2.05590     3.33200e-07  4.67754e+09   0.00001      
60    115   -4.45334    -8.02024    0.00000 -5.00452    -8.58298    0.00000 0.00089      0.78770     8.33000e-08  1.13794e+10   0.00000      
61    23    -2.49232    8.65852     0.00000 -3.95069    7.81020     0.00000 0.00198      1.68716     9.16300e-07  9.96308e+08   0.00002      
62    61    -3.95069    7.81020     0.00000 -5.38749    8.41272     0.00000 0.00089      1.55802     8.33000e-08  2.25078e+10   0.00000      
63    31    -0.45212    4.66470     0.00000 -1.93465    4.96282     0.00000 0.00129      1.51222     2.49900e-07  5.04909e+09   0.00001      
64    63    -1.93465    4.96282     0.00000 -4.10988    4.67362     0.00000 0.00089      2.19437     8.33000e-08  3.17009e+10   0.00001      
65    4     3.58624     0.45343     0.00000 6.70574     2.38214     0.00000 0.00112      3.66759     1.66600e-07  2.10266e+10   0.00001      
66    65    6.70574     2.38214     0.00000 6.84111     2.67084     0.00000 0.00089      0.31886     8.33000e-08  4.60642e+09   0.00000      
67    45    2.62351     2.42976     0.00000 1.35423     -0.47625    0.00000 0.00089      3.17111     8.33000e-08  4.58113e+10   0.00001      
68    23    -2.49232    8.65852     0.00000 -1.01831    7.03449     0.00000 0.00089      2.19321     8.33000e-08  3.16842e+10   0.00001      
69    110   -6.78454    5.24973     0.00000 -7.22168    4.43858     0.00000 0.00153      0.92144     4.16500e-07  1.55693e+09   0.00001      
70    69    -7.22168    4.43858     0.00000 -7.12226    4.30128     0.00000 0.00089      0.16952     8.33000e-08  2.44897e+09   0.00000      
71    53    -8.21066    0.13704     0.00000 -8.83061    -2.61263    0.00000 0.00089      2.81869     8.33000e-08  4.07200e+10   0.00001      
72    59    -4.35131    -7.22643    0.00000 -2.95248    -5.85456    0.00000 0.00089      1.95928     8.33000e-08  2.83046e+10   0.00000      
73    28    2.98482     -1.68956    0.00000 1.84557     -2.75368    0.00000 0.00129      1.55893     2.49900e-07  5.20505e+09   0.00001      
74    73    1.84557     -2.75368    0.00000 0.28453     -4.20922    0.00000 0.00089      2.13435     8.33000e-08  3.08338e+10   0.00001      
75    55    3.44586     6.97041     0.00000 4.49811     6.91287     0.00000 0.00129      1.05383     2.49900e-07  3.51861e+09   0.00001      
76    75    4.49811     6.91287     0.00000 5.42157     6.21313     0.00000 0.00089      1.15862     8.33000e-08  1.67380e+10   0.00000      
77    28    2.98482     -1.68956    0.00000 5.01314     -1.85621    0.00000 0.00089      2.03515     8.33000e-08  2.94007e+10   0.00001      
78    26    6.42479     -0.41994    0.00000 7.88640     -2.61034    0.00000 0.00112      2.63328     1.66600e-07  1.50968e+10   0.00001      
79    78    7.88640     -2.61034    0.00000 7.78272     -4.20699    0.00000 0.00089      1.60001     8.33000e-08  2.31145e+10   0.00000      
80    40    7.31041     -0.15093    0.00000 9.89086     -1.47224    0.00000 0.00089      2.89907     8.33000e-08  4.18813e+10   0.00001      
81    18    2.48277     4.04359     0.00000 4.64558     2.26025     0.00000 0.00089      2.80322     8.33000e-08  4.04966e+10   0.00001      
82    31    -0.45212    4.66470     0.00000 0.84810     3.26092     0.00000 0.00089      1.91342     8.33000e-08  2.76421e+10   0.00000      
83    8     -5.18343    -0.65682    0.00000 -4.84680    -3.02149    0.00000 0.00192      2.38851     8.33000e-07  1.60160e+09   0.00003      
84    83    -4.84680    -3.02149    0.00000 -4.73123    -3.05137    0.00000 0.00089      0.11938     8.33000e-08  1.72459e+09   0.00000      
85    50    -3.01382    0.33826     0.00000 -4.09862    -0.15928    0.00000 0.00242      1.19346     1.66600e-06  3.17587e+08   0.00002      
86    85    -4.09862    -0.15928    0.00000 -5.34133    1.11029     0.00000 0.00089      1.77654     8.33000e-08  2.56647e+10   0.00000      
87    40    7.31041     -0.15093    0.00000 8.05344     0.49103     0.00000 0.00129      0.98194     2.49900e-07  3.27858e+09   0.00001      
88    87    8.05344     0.49103     0.00000 8.20886     1.44824     0.00000 0.00089      0.96974     8.33000e-08  1.40094e+10   0.00000      
89    69    -7.22168    4.43858     0.00000 -6.95164    2.59022     0.00000 0.00089      1.86798     8.33000e-08  2.69858e+10   0.00000      
90    63    -1.93465    4.96282     0.00000 -2.88026    3.28419     0.00000 0.00089      1.92665     8.33000e-08  2.78332e+10   0.00000      
91    -1    0.00000     10.00000    0.00000 0.10398     9.59591     0.00000 0.00414      0.41725     8.33000e-06  1.29866e+07   0.00002      
92    91    0.10398     9.59591     0.00000 -1.14328    9.92770     0.00000 0.00089      1.29063     8.33000e-08  1.86450e+10   0.00000      
93    20    -4.97249    -5.26661    0.00000 -7.02569    -5.54063    0.00000 0.00129      2.07141     2.49900e-07  6.91617e+09   0.00001      
94    93    -7.02569    -5.54063    0.00000 -7.80157    -6.07739    0.00000 0.00089      0.94345     8.33000e-08  1.36295e+10   0.00000      
95    55    3.44586     6.97041     0.00000 1.90053     7.99318     0.00000 0.00089      1.85313     8.33000e-08  2.67712e+10   0.00000      
96    38    3.13676     -4.32573    0.00000 4.53772     -3.52178    0.00000 0.00089      1.61525     8.33000e-08  2.33346e+10   0.00000      
97    83    -4.84680    -3.02149    0.00000 -3.59098    -4.25081    0.00000 0.00089      1.75736     8.33000e-08  2.53876e+10   0.00000      
98    61    -3.95069    7.81020     0.00000 -2.79455    6.71201     0.00000 0.00089      1.59458     8.33000e-08  2.30360e+10   0.00000      
99    135   4.84518     -5.54391    0.00000 5.90973     -5.98698    0.00000 0.00142      1.15307     3.33200e-07  2.62344e+09   0.00001      
100   99    5.90973     -5.98698    0.00000 5.88535     -6.08865    0.00000 0.00089      0.10456     8.33000e-08  1.51052e+09   0.00000      
101   33    4.55338     4.42220     0.00000 6.59606     4.70928     0.00000 0.00142      2.06275     3.33200e-07  4.69312e+09   0.00001      
102   132   7.49804     4.35467     0.00000 7.63045     4.05506     0.00000 0.00089      0.32756     8.33000e-08  4.73212e+09   0.00000      
103   48    1.17754     -5.96807    0.00000 -1.38055    -6.19308    0.00000 0.00089      2.56796     8.33000e-08  3.70979e+10   0.00001      
104   36    2.70958     -8.28903    0.00000 4.28186     -8.90907    0.00000 0.00089      1.69013     8.33000e-08  2.44164e+10   0.00000      
105   75    4.49811     6.91287     0.00000 6.76976     6.92761     0.00000 0.00089      2.27169     8.33000e-08  3.28179e+10   0.00001      
106   57    -0.29706    -7.41865    0.00000 1.21098     -7.76760    0.00000 0.00089      1.54788     8.33000e-08  2.23614e+10   0.00000      
107   128   1.41340     9.38845     0.00000 3.09626     9.14876     0.00000 0.00112      1.69985     1.66600e-07  9.74537e+09   0.00001      
108   107   3.09626     9.14876     0.00000 4.50002     8.89640     0.00000 0.00089      1.42626     8.33000e-08  2.06044e+10   0.00000      
109   93    -7.02569    -5.54063    0.00000 -6.24980    -4.14500    0.00000 0.00089      1.59681     8.33000e-08  2.30683e+10   0.00000      
110   14    -5.41986    6.23646     0.00000 -6.78454    5.24973     0.00000 0.00162      1.68404     4.99800e-07  2.23141e+09   0.00001      
111   110   -6.78454    5.24973     0.00000 -8.20247    5.70970     0.00000 0.00089      1.49067     8.33000e-08  2.15348e+10   0.00000      
112   14    -5.41986    6.23646     0.00000 -5.49699    4.26345     0.00000 0.00089      1.97452     8.33000e-08  2.85249e+10   0.00000      
113   144   -7.89096    4.04932     0.00000 -8.38145    3.23913     0.00000 0.00112      0.94710     1.66600e-07  5.42977e+09   0.00000      
114   113   -8.38145    3.23913     0.00000 -8.50147    2.08888     0.00000 0.00089      1.15650     8.33000e-08  1.67073e+10   0.00000      
115   59    -4.35131    -7.22643    0.00000 -4.45334    -8.02024    0.00000 0.00112      0.80034     1.66600e-07  4.58841e+09   0.00000      
116   115   -4.45334    -8.02024    0.00000 -3.65709    -9.27618    0.00000 0.00089      1.48708     8.33000e-08  2.14830e+10   0.00000      
117   11    3.93742     -5.54183    0.00000 3.75308     -6.83822    0.00000 0.00171      1.30943     5.83100e-07  1.41269e+09   0.00001      
118   117   3.75308     -6.83822    0.00000 3.97802     -7.21888    0.00000 0.00089      0.44216     8.33000e-08  6.38757e+09   0.00000      
119   73    1.84557     -2.75368    0.00000 0.70996     -1.75780    0.00000 0.00089      1.51042     8.33000e-08  2.18202e+10   0.00000      
120   16    -1.66105    1.82034     0.00000 -3.66177    2.00074     0.00000 0.00112      2.00884     1.66600e-07  1.15168e+10   0.00001      
121   120   -3.66177    2.00074     0.00000 -3.78851    1.83700     0.00000 0.00089      0.20705     8.33000e-08  2.99119e+09   0.00000      
122   33    4.55338     4.42220     0.00000 2.98080     5.43316     0.00000 0.00089      1.86951     8.33000e-08  2.70078e+10   0.00000      
123   99    5.90973     -5.98698    0.00000 6.80853     -7.25834    0.00000 0.00089      1.55699     8.33000e-08  2.24929e+10   0.00000      
124   31    -0.45212    4.66470     0.00000 -1.25808    2.76846     0.00000 0.00271      2.06041     2.33240e-06  3.50082e+08   0.00005      
125   124   -1.25808    2.76846     0.00000 -0.19132    2.23777     0.00000 0.00089      1.19146     8.33000e-08  1.72124e+10   0.00000      
126   4     3.58624     0.45343     0.00000 4.83001     0.21259     0.00000 0.00186      1.26688     7.49700e-07  9.77624e+08   0.00001      
127   126   4.83001     0.21259     0.00000 5.37175     0.75514     0.00000 0.00089      0.76671     8.33000e-08  1.10763e+10   0.00000      
128   6     0.31193     8.78772     0.00000 1.41340     9.38845     0.00000 0.00129      1.25463     2.49900e-07  4.18906e+09   0.00001      
129   128   1.41340     9.38845     0.00000 1.58675     9.86883     0.00000 0.00089      0.51070     8.33000e-08  7.37784e+09   0.00000      
130   43    -6.73985    -0.14838    0.00000 -7.27126    -1.17797    0.00000 0.00142      1.15863     3.33200e-07  2.63609e+09   0.00001      
131   130   -7.27126    -1.17797    0.00000 -7.73796    -1.35125    0.00000 0.00089      0.49783     8.33000e-08  7.19195e+09   0.00000      
132   101   6.59606     4.70928     0.00000 7.49804     4.35467     0.00000 0.00112      0.96919     1.66600e-07  5.55644e+09   0.00000      
133   132   7.49804     4.35467     0.00000 8.90481     4.54429     0.00000 0.00089      1.41949     8.33000e-08  2.05066e+10   0.00000      
134   87    8.05344     0.49103     0.00000 9.52506     1.83308     0.00000 0.00089      1.99168     8.33000e-08  2.87727e+10   0.00000      
135   11    3.93742     -5.54183    0.00000 4.84518     -5.54391    0.00000 0.00153      0.90777     4.16500e-07  1.53382e+09   0.00001      
136   135   4.84518     -5.54391    0.00000 5.43937     -4.66400    0.00000 0.00089      1.06174     8.33000e-08  1.53384e+10   0.00000      
137   117   3.75308     -6.83822    0.00000 2.38332     -6.81111    0.00000 0.00089      1.37002     8.33000e-08  1.97920e+10   0.00000      
138   1     0.93578     6.36317     0.00000 1.47077     5.33710     0.00000 0.00320      1.15717     3.83180e-06  1.01426e+08   0.00004      
139   138   1.47077     5.33710     0.00000 1.05176     4.84590     0.00000 0.00089      0.64564     8.33000e-08  9.32717e+09   0.00000      
140   61    -3.95069    7.81020     0.00000 -4.44552    6.99203     0.00000 0.00186      0.95617     7.49700e-07  7.37858e+08   0.00001      
141   140   -4.44552    6.99203     0.00000 -3.98132    6.04863     0.00000 0.00089      1.05142     8.33000e-08  1.51892e+10   0.00000      
142   130   -7.27126    -1.17797    0.00000 -7.20564    -2.34283    0.00000 0.00112      1.16671     1.66600e-07  6.68881e+09   0.00000      
143   142   -7.20564    -2.34283    0.00000 -7.88946    -3.54920    0.00000 0.00089      1.38671     8.33000e-08  2.00330e+10   0.00000      
144   69    -7.22168    4.43858     0.00000 -7.89096    4.04932     0.00000 0.00129      0.77425     2.49900e-07  2.58511e+09   0.00000      
145   144   -7.89096    4.04932     0.00000 -8.91782    4.50192     0.00000 0.00089      1.12218     8.33000e-08  1.62115e+10   0.00000      
146   36    2.70958     -8.28903    0.00000 1.28755     -9.63562    0.00000 0.00129      1.95843     2.49900e-07  6.53895e+09   0.00001      
147   146   1.28755     -9.63562    0.00000 1.30226     -9.89098    0.00000 0.00089      0.25579     8.33000e-08  3.69529e+09   0.00000      
148   101   6.59606     4.70928     0.00000 5.61496     3.16106     0.00000 0.00089      1.83291     8.33000e-08  2.64790e+10   0.00000      
149   38    3.13676     -4.32573    0.00000 2.24667     -4.88700    0.00000 0.00171      1.05227     5.83100e-07  1.13525e+09   0.00001      
150   149   2.24667     -4.88700    0.00000 1.71468     -4.40865    0.00000 0.00089      0.71542     8.33000e-08  1.03353e+10   0.00000      
151   146   1.28755     -9.63562    0.00000 0.22718     -8.68416    0.00000 0.00089      1.42466     8.33000e-08  2.05813e+10   0.00000      
152   16    -1.66105    1.82034     0.00000 -0.73287    0.75184     0.00000 0.00112      1.41536     1.66600e-07  8.11436e+09   0.00001      
153   152   -0.73287    0.75184     0.00000 0.19797     0.68049     0.00000 0.00089      0.93357     8.33000e-08  1.34867e+10   0.00000      
154   130   -7.27126    -1.17797    0.00000 -6.00672    -1.69929    0.00000 0.00089      1.36779     8.33000e-08  1.97596e+10   0.00000      
155   57    -0.29706    -7.41865    0.00000 -1.15284    -7.79492    0.00000 0.00112      0.93485     1.66600e-07  5.35957e+09   0.00000      
156   155   -1.15284    -7.79492    0.00000 -1.90848    -7.41192    0.00000 0.00089      0.84716     8.33000e-08  1.22385e+10   0.00000      
157   50    -3.01382    0.33826     0.00000 -1.79963    -1.75609    0.00000 0.00112      2.42086     1.66600e-07  1.38790e+10   0.00001      
158   157   -1.79963    -1.75609    0.00000 -1.78706    -3.15914    0.00000 0.00089      1.40311     8.33000e-08  2.02700e+10   0.00000      
159   99    5.90973     -5.98698    0.00000 6.53724     -5.66419    0.00000 0.00112      0.70566     1.66600e-07  4.04561e+09   0.00000      
160   159   6.53724     -5.66419    0.00000 6.75733     -4.99939    0.00000 0.00089      0.70029     8.33000e-08  1.01166e+10   0.00000      

===================================================================
 TABELA 2 - METRICAS GLOBAIS
===================================================================
metrica                     valor
---------------------------------------------
Nterm                       100
Nseg                        161
numero_nos                  162
numero_terminais            100
comprimento_total           242.36658
volume_total                1.56567e-03
raio_raiz                   4.14273e-03
raio_medio                  1.25097e-03
profundidade_maxima         14
numero_bifurcacoes          23
numero_multifurcacoes       38
grau_medio                  1.98765
conexoes_testadas           95476
conexoes_rejeitadas         87280
tempo_execucao_s            15.46733
modo                        tricco
seed                        42

===================================================================
 TABELA 3 - DISTRIBUICAO DE PROFUNDIDADES (saltos a partir da raiz)
===================================================================
profundidade    quantidade_de_nos
-----------------------------------
1               1
2               2
3               3
4               8
5               13
6               13
7               12
8               15
9               16
10              14
11              18
12              20
13              17
14              9

===================================================================
 TABELA 4 - CAMINHOS RAIZ-TERMINAL (comprimento geometrico, resumo)
===================================================================
quantidade_de_caminhos      100
comprimento_minimo          1.70788
comprimento_maximo          23.26653
comprimento_medio           14.71470
desvio_padrao               5.34601

===================================================================
 TABELA 5 - ORDEM DE STRAHLER
===================================================================
ordem_strahler_da_raiz      5

ordem           quantidade_de_segmentos
----------------------------------------
1               100
2               40
3               8
4               10
5               3
